635			
0.00000E+00	1.14400E-01	9.30000E-03	0.00000E+00
3.17040E-03	1.14331E-01	9.26540E-03	0.00000E+00
6.37030E-03	1.14262E-01	9.23040E-03	0.00000E+00
9.59599E-03	1.14192E-01	9.19520E-03	0.00000E+00
1.28438E-02	1.14122E-01	9.15960E-03	0.00000E+00
1.61175E-02	1.14051E-01	9.12380E-03	0.00000E+00
1.94114E-02	1.13980E-01	9.08770E-03	0.00000E+00
2.27274E-02	1.13908E-01	9.05140E-03	0.00000E+00
2.60638E-02	1.13836E-01	9.01480E-03	0.00000E+00
2.94222E-02	1.13763E-01	8.97800E-03	0.00000E+00
3.27991E-02	1.13690E-01	8.94100E-03	0.00000E+00
3.61925E-02	1.13616E-01	8.90370E-03	0.00000E+00
3.96045E-02	1.13543E-01	8.86620E-03	0.00000E+00
4.30330E-02	1.13468E-01	8.82860E-03	0.00000E+00
4.64781E-02	1.13394E-01	8.79070E-03	0.00000E+00
4.99361E-02	1.13319E-01	8.75270E-03	0.00000E+00
5.34144E-02	1.13244E-01	8.71440E-03	0.00000E+00
5.69000E-02	1.13169E-01	8.67610E-03	0.00000E+00
6.04023E-02	1.13093E-01	8.63750E-03	0.00000E+00
6.39119E-02	1.13017E-01	8.59890E-03	0.00000E+00
6.74363E-02	1.12941E-01	8.56010E-03	0.00000E+00
7.09718E-02	1.12864E-01	8.52110E-03	0.00000E+00
7.45146E-02	1.12788E-01	8.48210E-03	0.00000E+00
7.80685E-02	1.12711E-01	8.44290E-03	0.00000E+00
8.16316E-02	1.12634E-01	8.40360E-03	0.00000E+00
8.87763E-02	1.12480E-01	8.32480E-03	0.00000E+00
9.59449E-02	1.12325E-01	8.24570E-03	0.00000E+00
1.03134E-01	1.12169E-01	8.16630E-03	0.00000E+00
1.10338E-01	1.12014E-01	8.08670E-03	0.00000E+00
1.24767E-01	1.11702E-01	7.92710E-03	0.00000E+00
1.39191E-01	1.11391E-01	7.76760E-03	0.00000E+00
1.46390E-01	1.11235E-01	7.68790E-03	0.00000E+00
1.53575E-01	1.11080E-01	7.60830E-03	0.00000E+00
1.60736E-01	1.10926E-01	7.52900E-03	0.00000E+00
1.67877E-01	1.10771E-01	7.44980E-03	0.00000E+00
1.74989E-01	1.10618E-01	7.37100E-03	0.00000E+00
1.78534E-01	1.10541E-01	7.33170E-03	0.00000E+00
1.82069E-01	1.10465E-01	7.29250E-03	0.00000E+00
1.85596E-01	1.10389E-01	7.25340E-03	0.00000E+00
1.89117E-01	1.10313E-01	7.21440E-03	0.00000E+00
1.92621E-01	1.10237E-01	7.17550E-03	0.00000E+00
1.96120E-01	1.10162E-01	7.13670E-03	0.00000E+00
1.99609E-01	1.10087E-01	7.09800E-03	0.00000E+00
2.03082E-01	1.10012E-01	7.05940E-03	0.00000E+00
2.06547E-01	1.09937E-01	7.02100E-03	0.00000E+00
2.10000E-01	1.09862E-01	6.98270E-03	0.00000E+00
2.13440E-01	1.09788E-01	6.94450E-03	0.00000E+00
2.16865E-01	1.09714E-01	6.90650E-03	0.00000E+00
2.20277E-01	1.09641E-01	6.86860E-03	0.00000E+00
2.23678E-01	1.09567E-01	6.83090E-03	0.00000E+00
2.27062E-01	1.09494E-01	6.79330E-03	0.00000E+00
2.30432E-01	1.09422E-01	6.75590E-03	0.00000E+00
2.33792E-01	1.09349E-01	6.71860E-03	0.00000E+00
2.37131E-01	1.09277E-01	6.68150E-03	0.00000E+00
2.40458E-01	1.09205E-01	6.64460E-03	0.00000E+00
2.43769E-01	1.09134E-01	6.60780E-03	0.00000E+00
2.47065E-01	1.09063E-01	6.57120E-03	0.00000E+00
2.50342E-01	1.08992E-01	6.53480E-03	0.00000E+00
2.53601E-01	1.08922E-01	6.49860E-03	0.00000E+00
2.56846E-01	1.08852E-01	6.46260E-03	0.00000E+00
2.60073E-01	1.08782E-01	6.42670E-03	0.00000E+00
2.63281E-01	1.08713E-01	6.39110E-03	0.00000E+00
2.66472E-01	1.08644E-01	6.35560E-03	0.00000E+00
2.69646E-01	1.08576E-01	6.32040E-03	0.00000E+00
2.72798E-01	1.08508E-01	6.28540E-03	0.00000E+00
2.75938E-01	1.08440E-01	6.25050E-03	0.00000E+00
2.79053E-01	1.08373E-01	6.21590E-03	0.00000E+00
2.82150E-01	1.08306E-01	6.18150E-03	0.00000E+00
2.85228E-01	1.08240E-01	6.14730E-03	0.00000E+00
2.88288E-01	1.08174E-01	6.11330E-03	0.00000E+00
2.91330E-01	1.08108E-01	6.07950E-03	0.00000E+00
2.94347E-01	1.08043E-01	6.04600E-03	0.00000E+00
2.97348E-01	1.07978E-01	6.01260E-03	0.00000E+00
3.00324E-01	1.07914E-01	5.97960E-03	0.00000E+00
3.03282E-01	1.07850E-01	5.94670E-03	0.00000E+00
3.06221E-01	1.07787E-01	5.91410E-03	0.00000E+00
3.09139E-01	1.07724E-01	5.88160E-03	0.00000E+00
3.12031E-01	1.07662E-01	5.84950E-03	0.00000E+00
3.14907E-01	1.07600E-01	5.81750E-03	0.00000E+00
3.17762E-01	1.07538E-01	5.78580E-03	0.00000E+00
3.20590E-01	1.07477E-01	5.75440E-03	0.00000E+00
3.23403E-01	1.07416E-01	5.72320E-03	0.00000E+00
3.26190E-01	1.07356E-01	5.69220E-03	0.00000E+00
3.28957E-01	1.07296E-01	5.66150E-03	0.00000E+00
3.31702E-01	1.07237E-01	5.63100E-03	0.00000E+00
3.34424E-01	1.07179E-01	5.60070E-03	0.00000E+00
3.37127E-01	1.07120E-01	5.57070E-03	0.00000E+00
3.39805E-01	1.07062E-01	5.54100E-03	0.00000E+00
3.42463E-01	1.07005E-01	5.51140E-03	0.00000E+00
3.45096E-01	1.06948E-01	5.48220E-03	0.00000E+00
3.47709E-01	1.06892E-01	5.45320E-03	0.00000E+00
3.50298E-01	1.06836E-01	5.42440E-03	0.00000E+00
3.52865E-01	1.06781E-01	5.39590E-03	0.00000E+00
3.55415E-01	1.06726E-01	5.36760E-03	0.00000E+00
3.57937E-01	1.06671E-01	5.33960E-03	0.00000E+00
3.60436E-01	1.06617E-01	5.31180E-03	0.00000E+00
3.62916E-01	1.06564E-01	5.28430E-03	0.00000E+00
3.65373E-01	1.06511E-01	5.25700E-03	0.00000E+00
3.67806E-01	1.06458E-01	5.23000E-03	0.00000E+00
3.70219E-01	1.06406E-01	5.20330E-03	0.00000E+00
3.72608E-01	1.06355E-01	5.17670E-03	0.00000E+00
3.74975E-01	1.06304E-01	5.15050E-03	0.00000E+00
3.77321E-01	1.06253E-01	5.12440E-03	0.00000E+00
3.79648E-01	1.06203E-01	5.09860E-03	0.00000E+00
3.81946E-01	1.06153E-01	5.07310E-03	0.00000E+00
3.84227E-01	1.06104E-01	5.04780E-03	0.00000E+00
3.86487E-01	1.06055E-01	5.02280E-03	0.00000E+00
3.88721E-01	1.06007E-01	4.99800E-03	0.00000E+00
3.90937E-01	1.05959E-01	4.97340E-03	0.00000E+00
3.93132E-01	1.05912E-01	4.94910E-03	0.00000E+00
3.95305E-01	1.05865E-01	4.92500E-03	0.00000E+00
3.97456E-01	1.05819E-01	4.90110E-03	0.00000E+00
3.99587E-01	1.05773E-01	4.87750E-03	0.00000E+00
4.01696E-01	1.05727E-01	4.85410E-03	0.00000E+00
4.03785E-01	1.05682E-01	4.83100E-03	0.00000E+00
4.05851E-01	1.05637E-01	4.80810E-03	0.00000E+00
4.07899E-01	1.05593E-01	4.78540E-03	0.00000E+00
4.09929E-01	1.05549E-01	4.76290E-03	0.00000E+00
4.11934E-01	1.05506E-01	4.74070E-03	0.00000E+00
4.13927E-01	1.05463E-01	4.71860E-03	0.00000E+00
4.15896E-01	1.05421E-01	4.69680E-03	0.00000E+00
4.17840E-01	1.05379E-01	4.67530E-03	0.00000E+00
4.19772E-01	1.05337E-01	4.65390E-03	0.00000E+00
4.21685E-01	1.05296E-01	4.63270E-03	0.00000E+00
4.23575E-01	1.05255E-01	4.61180E-03	0.00000E+00
4.25450E-01	1.05214E-01	4.59110E-03	0.00000E+00
4.27308E-01	1.05174E-01	4.57050E-03	0.00000E+00
4.29145E-01	1.05135E-01	4.55020E-03	0.00000E+00
4.30965E-01	1.05095E-01	4.53010E-03	0.00000E+00
4.32768E-01	1.05056E-01	4.51010E-03	0.00000E+00
4.34554E-01	1.05018E-01	4.49040E-03	0.00000E+00
4.36323E-01	1.04980E-01	4.47080E-03	0.00000E+00
4.38078E-01	1.04942E-01	4.45140E-03	0.00000E+00
4.39815E-01	1.04904E-01	4.43220E-03	0.00000E+00
4.41536E-01	1.04867E-01	4.41320E-03	0.00000E+00
4.43245E-01	1.04830E-01	4.39430E-03	0.00000E+00
4.44934E-01	1.04794E-01	4.37570E-03	0.00000E+00
4.46611E-01	1.04757E-01	4.35710E-03	0.00000E+00
4.48275E-01	1.04721E-01	4.33880E-03	0.00000E+00
4.49923E-01	1.04686E-01	4.32060E-03	0.00000E+00
4.51557E-01	1.04650E-01	4.30260E-03	0.00000E+00
4.53177E-01	1.04615E-01	4.28470E-03	0.00000E+00
4.54788E-01	1.04581E-01	4.26690E-03	0.00000E+00
4.56384E-01	1.04546E-01	4.24930E-03	0.00000E+00
4.57968E-01	1.04512E-01	4.23180E-03	0.00000E+00
4.59540E-01	1.04478E-01	4.21450E-03	0.00000E+00
4.61099E-01	1.04444E-01	4.19730E-03	0.00000E+00
4.62653E-01	1.04411E-01	4.18020E-03	0.00000E+00
4.64194E-01	1.04377E-01	4.16320E-03	0.00000E+00
4.65722E-01	1.04344E-01	4.14630E-03	0.00000E+00
4.67245E-01	1.04311E-01	4.12950E-03	0.00000E+00
4.68756E-01	1.04279E-01	4.11290E-03	0.00000E+00
4.71759E-01	1.04214E-01	4.07980E-03	0.00000E+00
4.74729E-01	1.04150E-01	4.04710E-03	0.00000E+00
4.77674E-01	1.04086E-01	4.01470E-03	0.00000E+00
4.80598E-01	1.04023E-01	3.98250E-03	0.00000E+00
4.83507E-01	1.03960E-01	3.95050E-03	0.00000E+00
4.89289E-01	1.03835E-01	3.88680E-03	0.00000E+00
4.95055E-01	1.03710E-01	3.82340E-03	0.00000E+00
4.97947E-01	1.03648E-01	3.79150E-03	0.00000E+00
5.00850E-01	1.03585E-01	3.75960E-03	0.00000E+00
5.03770E-01	1.03522E-01	3.72740E-03	0.00000E+00
5.06715E-01	1.03458E-01	3.69500E-03	0.00000E+00
5.09685E-01	1.03394E-01	3.66230E-03	0.00000E+00
5.11184E-01	1.03361E-01	3.64580E-03	0.00000E+00
5.12691E-01	1.03329E-01	3.62920E-03	0.00000E+00
5.14208E-01	1.03296E-01	3.61250E-03	0.00000E+00
5.15735E-01	1.03263E-01	3.59570E-03	0.00000E+00
5.17272E-01	1.03230E-01	3.57870E-03	0.00000E+00
5.18824E-01	1.03196E-01	3.56170E-03	0.00000E+00
5.20389E-01	1.03162E-01	3.54440E-03	0.00000E+00
5.21967E-01	1.03128E-01	3.52700E-03	0.00000E+00
5.23558E-01	1.03094E-01	3.50950E-03	0.00000E+00
5.25163E-01	1.03059E-01	3.49180E-03	0.00000E+00
5.26787E-01	1.03024E-01	3.47390E-03	0.00000E+00
5.28426E-01	1.02989E-01	3.45580E-03	0.00000E+00
5.30083E-01	1.02953E-01	3.43750E-03	0.00000E+00
5.31759E-01	1.02917E-01	3.41900E-03	0.00000E+00
5.33458E-01	1.02880E-01	3.40020E-03	0.00000E+00
5.35171E-01	1.02843E-01	3.38130E-03	0.00000E+00
5.36907E-01	1.02806E-01	3.36210E-03	0.00000E+00
5.38666E-01	1.02768E-01	3.34270E-03	0.00000E+00
5.40448E-01	1.02729E-01	3.32300E-03	0.00000E+00
5.42249E-01	1.02690E-01	3.30310E-03	0.00000E+00
5.44078E-01	1.02651E-01	3.28290E-03	0.00000E+00
5.45930E-01	1.02611E-01	3.26240E-03	0.00000E+00
5.47807E-01	1.02570E-01	3.24160E-03	0.00000E+00
5.49709E-01	1.02529E-01	3.22060E-03	0.00000E+00
5.51635E-01	1.02487E-01	3.19930E-03	0.00000E+00
5.53591E-01	1.02445E-01	3.17760E-03	0.00000E+00
5.55569E-01	1.02403E-01	3.15570E-03	0.00000E+00
5.57575E-01	1.02359E-01	3.13350E-03	0.00000E+00
5.59604E-01	1.02315E-01	3.11100E-03	0.00000E+00
5.61661E-01	1.02271E-01	3.08820E-03	0.00000E+00
5.63746E-01	1.02226E-01	3.06510E-03	0.00000E+00
5.65855E-01	1.02181E-01	3.04170E-03	0.00000E+00
5.67989E-01	1.02134E-01	3.01810E-03	0.00000E+00
5.70150E-01	1.02088E-01	2.99410E-03	0.00000E+00
5.72336E-01	1.02041E-01	2.96990E-03	0.00000E+00
5.74548E-01	1.01993E-01	2.94530E-03	0.00000E+00
5.76782E-01	1.01945E-01	2.92050E-03	0.00000E+00
5.79039E-01	1.01896E-01	2.89550E-03	0.00000E+00
5.81321E-01	1.01847E-01	2.87010E-03	0.00000E+00
5.83625E-01	1.01797E-01	2.84450E-03	0.00000E+00
5.85951E-01	1.01747E-01	2.81870E-03	0.00000E+00
5.88296E-01	1.01696E-01	2.79270E-03	0.00000E+00
5.90665E-01	1.01645E-01	2.76640E-03	0.00000E+00
5.93050E-01	1.01594E-01	2.73980E-03	0.00000E+00
5.95456E-01	1.01542E-01	2.71310E-03	0.00000E+00
5.97876E-01	1.01490E-01	2.68620E-03	0.00000E+00
6.00315E-01	1.01437E-01	2.65910E-03	0.00000E+00
6.02767E-01	1.01384E-01	2.63190E-03	0.00000E+00
6.05235E-01	1.01331E-01	2.60440E-03	0.00000E+00
6.07711E-01	1.01278E-01	2.57690E-03	0.00000E+00
6.10201E-01	1.01224E-01	2.54920E-03	0.00000E+00
6.12701E-01	1.01170E-01	2.52140E-03	0.00000E+00
6.17718E-01	1.01062E-01	2.46560E-03	0.00000E+00
6.27802E-01	1.00844E-01	2.35340E-03	0.00000E+00
6.32834E-01	1.00736E-01	2.29740E-03	0.00000E+00
6.35343E-01	1.00682E-01	2.26950E-03	0.00000E+00
6.37839E-01	1.00628E-01	2.24170E-03	0.00000E+00
6.40329E-01	1.00574E-01	2.21400E-03	0.00000E+00
6.42801E-01	1.00521E-01	2.18650E-03	0.00000E+00
6.45264E-01	1.00468E-01	2.15910E-03	0.00000E+00
6.47705E-01	1.00415E-01	2.13190E-03	0.00000E+00
6.50125E-01	1.00363E-01	2.10500E-03	0.00000E+00
6.52524E-01	1.00311E-01	2.07830E-03	0.00000E+00
6.54898E-01	1.00260E-01	2.05190E-03	0.00000E+00
6.57241E-01	1.00210E-01	2.02580E-03	0.00000E+00
6.59556E-01	1.00160E-01	2.00000E-03	0.00000E+00
6.60701E-01	1.00135E-01	1.98730E-03	0.00000E+00
6.61842E-01	1.00111E-01	1.97460E-03	0.00000E+00
6.62968E-01	1.00086E-01	1.96210E-03	0.00000E+00
6.64087E-01	1.00062E-01	1.94960E-03	0.00000E+00
6.65199E-01	1.00038E-01	1.93730E-03	0.00000E+00
6.66299E-01	1.00014E-01	1.92500E-03	0.00000E+00
6.67392E-01	9.99908E-02	1.91290E-03	0.00000E+00
6.68474E-01	9.99675E-02	1.90080E-03	0.00000E+00
6.69545E-01	9.99444E-02	1.88890E-03	0.00000E+00
6.70611E-01	9.99214E-02	1.87710E-03	0.00000E+00
6.71660E-01	9.98988E-02	1.86540E-03	0.00000E+00
6.72703E-01	9.98763E-02	1.85380E-03	0.00000E+00
6.73732E-01	9.98541E-02	1.84240E-03	0.00000E+00
6.74753E-01	9.98321E-02	1.83100E-03	0.00000E+00
6.75760E-01	9.98104E-02	1.81980E-03	0.00000E+00
6.76757E-01	9.97889E-02	1.80870E-03	0.00000E+00
6.77743E-01	9.97676E-02	1.79780E-03	0.00000E+00
6.78718E-01	9.97466E-02	1.78690E-03	0.00000E+00
6.79682E-01	9.97258E-02	1.77620E-03	0.00000E+00
6.80632E-01	9.97053E-02	1.76570E-03	0.00000E+00
6.81570E-01	9.96851E-02	1.75520E-03	0.00000E+00
6.82495E-01	9.96651E-02	1.74500E-03	0.00000E+00
6.83410E-01	9.96454E-02	1.73480E-03	0.00000E+00
6.84313E-01	9.96259E-02	1.72480E-03	0.00000E+00
6.85203E-01	9.96067E-02	1.71490E-03	0.00000E+00
6.86081E-01	9.95878E-02	1.70510E-03	0.00000E+00
6.86947E-01	9.95691E-02	1.69550E-03	0.00000E+00
6.87799E-01	9.95507E-02	1.68610E-03	0.00000E+00
6.88639E-01	9.95326E-02	1.67670E-03	0.00000E+00
6.89467E-01	9.95147E-02	1.66760E-03	0.00000E+00
6.90280E-01	9.94972E-02	1.65850E-03	0.00000E+00
6.91082E-01	9.94799E-02	1.64960E-03	0.00000E+00
6.91873E-01	9.94628E-02	1.64090E-03	0.00000E+00
6.92647E-01	9.94461E-02	1.63230E-03	0.00000E+00
6.93412E-01	9.94296E-02	1.62380E-03	0.00000E+00
6.94162E-01	9.94134E-02	1.61550E-03	0.00000E+00
6.94899E-01	9.93975E-02	1.60730E-03	0.00000E+00
6.95622E-01	9.93819E-02	1.59930E-03	0.00000E+00
6.96335E-01	9.93665E-02	1.59140E-03	0.00000E+00
6.97034E-01	9.93514E-02	1.58370E-03	0.00000E+00
6.97720E-01	9.93366E-02	1.57610E-03	0.00000E+00
6.98396E-01	9.93220E-02	1.56860E-03	0.00000E+00
6.99054E-01	9.93078E-02	1.56130E-03	0.00000E+00
6.99703E-01	9.92938E-02	1.55410E-03	0.00000E+00
7.00341E-01	9.92800E-02	1.54710E-03	0.00000E+00
7.00962E-01	9.92666E-02	1.54020E-03	0.00000E+00
7.01572E-01	9.92534E-02	1.53350E-03	0.00000E+00
7.02169E-01	9.92405E-02	1.52690E-03	0.00000E+00
7.02757E-01	9.92278E-02	1.52040E-03	0.00000E+00
7.03331E-01	9.92154E-02	1.51410E-03	0.00000E+00
7.03891E-01	9.92033E-02	1.50790E-03	0.00000E+00
7.04442E-01	9.91914E-02	1.50180E-03	0.00000E+00
7.04979E-01	9.91798E-02	1.49590E-03	0.00000E+00
7.05506E-01	9.91684E-02	1.49010E-03	0.00000E+00
7.06020E-01	9.91573E-02	1.48440E-03	0.00000E+00
7.06523E-01	9.91464E-02	1.47890E-03	0.00000E+00
7.07017E-01	9.91357E-02	1.47350E-03	0.00000E+00
7.07495E-01	9.91254E-02	1.46820E-03	0.00000E+00
7.07967E-01	9.91152E-02	1.46300E-03	0.00000E+00
7.08424E-01	9.91053E-02	1.45800E-03	0.00000E+00
7.08872E-01	9.90956E-02	1.45310E-03	0.00000E+00
7.09310E-01	9.90861E-02	1.44830E-03	0.00000E+00
7.09740E-01	9.90768E-02	1.44360E-03	0.00000E+00
7.10156E-01	9.90678E-02	1.43900E-03	0.00000E+00
7.10562E-01	9.90590E-02	1.43460E-03	0.00000E+00
7.10960E-01	9.90504E-02	1.43020E-03	0.00000E+00
7.11347E-01	9.90420E-02	1.42600E-03	0.00000E+00
7.11731E-01	9.90337E-02	1.42180E-03	0.00000E+00
7.12099E-01	9.90257E-02	1.41780E-03	0.00000E+00
7.12459E-01	9.90179E-02	1.41390E-03	0.00000E+00
7.13159E-01	9.90027E-02	1.40630E-03	0.00000E+00
7.13825E-01	9.89883E-02	1.39900E-03	0.00000E+00
7.14464E-01	9.89744E-02	1.39210E-03	0.00000E+00
7.15071E-01	9.89612E-02	1.38560E-03	0.00000E+00
7.15655E-01	9.89485E-02	1.37930E-03	0.00000E+00
7.16217E-01	9.89363E-02	1.37320E-03	0.00000E+00
7.16759E-01	9.89245E-02	1.36740E-03	0.00000E+00
7.17277E-01	9.89132E-02	1.36190E-03	0.00000E+00
7.17782E-01	9.89022E-02	1.35650E-03	0.00000E+00
7.18269E-01	9.88916E-02	1.35130E-03	0.00000E+00
7.18741E-01	9.88813E-02	1.34630E-03	0.00000E+00
7.19203E-01	9.88712E-02	1.34140E-03	0.00000E+00
7.19657E-01	9.88613E-02	1.33660E-03	0.00000E+00
7.20097E-01	9.88517E-02	1.33190E-03	0.00000E+00
7.20962E-01	9.88328E-02	1.32280E-03	0.00000E+00
7.22651E-01	9.87958E-02	1.30520E-03	0.00000E+00
7.23491E-01	9.87774E-02	1.29640E-03	0.00000E+00
7.24347E-01	9.87587E-02	1.28740E-03	0.00000E+00
7.25219E-01	9.87396E-02	1.27830E-03	0.00000E+00
7.26116E-01	9.87200E-02	1.26880E-03	0.00000E+00
7.26577E-01	9.87099E-02	1.26400E-03	0.00000E+00
7.27049E-01	9.86996E-02	1.25900E-03	0.00000E+00
7.27527E-01	9.86892E-02	1.25390E-03	0.00000E+00
7.28017E-01	9.86785E-02	1.24870E-03	0.00000E+00
7.28517E-01	9.86676E-02	1.24340E-03	0.00000E+00
7.29025E-01	9.86565E-02	1.23800E-03	0.00000E+00
7.29549E-01	9.86451E-02	1.23240E-03	0.00000E+00
7.30081E-01	9.86335E-02	1.22670E-03	0.00000E+00
7.30625E-01	9.86217E-02	1.22080E-03	0.00000E+00
7.31182E-01	9.86096E-02	1.21480E-03	0.00000E+00
7.31748E-01	9.85973E-02	1.20870E-03	0.00000E+00
7.32328E-01	9.85847E-02	1.20240E-03	0.00000E+00
7.32915E-01	9.85720E-02	1.19600E-03	0.00000E+00
7.33515E-01	9.85590E-02	1.18940E-03	0.00000E+00
7.34127E-01	9.85457E-02	1.18280E-03	0.00000E+00
7.34747E-01	9.85323E-02	1.17600E-03	0.00000E+00
7.35375E-01	9.85187E-02	1.16910E-03	0.00000E+00
7.36011E-01	9.85050E-02	1.16200E-03	0.00000E+00
7.37307E-01	9.84770E-02	1.14770E-03	0.00000E+00
7.38629E-01	9.84485E-02	1.13300E-03	0.00000E+00
7.39956E-01	9.84199E-02	1.11820E-03	0.00000E+00
7.42628E-01	9.83625E-02	1.08810E-03	0.00000E+00
7.43946E-01	9.83342E-02	1.07320E-03	0.00000E+00
7.45253E-01	9.83062E-02	1.05830E-03	0.00000E+00
7.46538E-01	9.82787E-02	1.04360E-03	0.00000E+00
7.47799E-01	9.82517E-02	1.02920E-03	0.00000E+00
7.49044E-01	9.82251E-02	1.01490E-03	0.00000E+00
7.50261E-01	9.81991E-02	1.00090E-03	0.00000E+00
7.51458E-01	9.81735E-02	9.87200E-04	0.00000E+00
7.52642E-01	9.81482E-02	9.73600E-04	0.00000E+00
7.53813E-01	9.81231E-02	9.60300E-04	0.00000E+00
7.54972E-01	9.80982E-02	9.47200E-04	0.00000E+00
7.57280E-01	9.80485E-02	9.21400E-04	0.00000E+00
7.59583E-01	9.79986E-02	8.96300E-04	0.00000E+00
7.60740E-01	9.79734E-02	8.83900E-04	0.00000E+00
7.61902E-01	9.79480E-02	8.71700E-04	0.00000E+00
7.63070E-01	9.79224E-02	8.59500E-04	0.00000E+00
7.64238E-01	9.78967E-02	8.47600E-04	0.00000E+00
7.65414E-01	9.78707E-02	8.35800E-04	0.00000E+00
7.66593E-01	9.78446E-02	8.24100E-04	0.00000E+00
7.67771E-01	9.78184E-02	8.12700E-04	0.00000E+00
7.68955E-01	9.77920E-02	8.01400E-04	0.00000E+00
7.71314E-01	9.77392E-02	7.79300E-04	0.00000E+00
7.72488E-01	9.77128E-02	7.68600E-04	0.00000E+00
7.73655E-01	9.76865E-02	7.58100E-04	0.00000E+00
7.74817E-01	9.76603E-02	7.47700E-04	0.00000E+00
7.75967E-01	9.76343E-02	7.37600E-04	0.00000E+00
7.77102E-01	9.76086E-02	7.27700E-04	0.00000E+00
7.78220E-01	9.75833E-02	7.17900E-04	0.00000E+00
7.79322E-01	9.75583E-02	7.08400E-04	0.00000E+00
7.80404E-01	9.75338E-02	6.99000E-04	0.00000E+00
7.81469E-01	9.75096E-02	6.89900E-04	0.00000E+00
7.82518E-01	9.74858E-02	6.80900E-04	0.00000E+00
7.83551E-01	9.74623E-02	6.72200E-04	0.00000E+00
7.84571E-01	9.74391E-02	6.63600E-04	0.00000E+00
7.85582E-01	9.74160E-02	6.55300E-04	0.00000E+00
7.86589E-01	9.73930E-02	6.47100E-04	0.00000E+00
7.87595E-01	9.73699E-02	6.39200E-04	0.00000E+00
7.88610E-01	9.73465E-02	6.31500E-04	0.00000E+00
7.89631E-01	9.73229E-02	6.24000E-04	0.00000E+00
7.90661E-01	9.72990E-02	6.16700E-04	0.00000E+00
7.91708E-01	9.72746E-02	6.09600E-04	0.00000E+00
7.92764E-01	9.72499E-02	6.02800E-04	0.00000E+00
7.93843E-01	9.72246E-02	5.96100E-04	0.00000E+00
7.94931E-01	9.71990E-02	5.89700E-04	0.00000E+00
7.96031E-01	9.71730E-02	5.83600E-04	0.00000E+00
7.97143E-01	9.71467E-02	5.77600E-04	0.00000E+00
7.98265E-01	9.71201E-02	5.71900E-04	0.00000E+00
7.99392E-01	9.70933E-02	5.66400E-04	0.00000E+00
8.00526E-01	9.70663E-02	5.61100E-04	0.00000E+00
8.01659E-01	9.70393E-02	5.56000E-04	0.00000E+00
8.02797E-01	9.70121E-02	5.51200E-04	0.00000E+00
8.03934E-01	9.69849E-02	5.46600E-04	0.00000E+00
8.05069E-01	9.69577E-02	5.42300E-04	0.00000E+00
8.06203E-01	9.69305E-02	5.38200E-04	0.00000E+00
8.07335E-01	9.69033E-02	5.34300E-04	0.00000E+00
8.08470E-01	9.68760E-02	5.30700E-04	0.00000E+00
8.09596E-01	9.68489E-02	5.27400E-04	0.00000E+00
8.10724E-01	9.68217E-02	5.24300E-04	0.00000E+00
8.11847E-01	9.67946E-02	5.21400E-04	0.00000E+00
8.12965E-01	9.67676E-02	5.18800E-04	0.00000E+00
8.14074E-01	9.67408E-02	5.16500E-04	0.00000E+00
8.15178E-01	9.67141E-02	5.14300E-04	0.00000E+00
8.16273E-01	9.66876E-02	5.12400E-04	0.00000E+00
8.17355E-01	9.66614E-02	5.10700E-04	0.00000E+00
8.18420E-01	9.66356E-02	5.09200E-04	0.00000E+00
8.19469E-01	9.66102E-02	5.07900E-04	0.00000E+00
8.20496E-01	9.65853E-02	5.06800E-04	0.00000E+00
8.21498E-01	9.65610E-02	5.05800E-04	0.00000E+00
8.22476E-01	9.65373E-02	5.04900E-04	0.00000E+00
8.22950E-01	9.65258E-02	5.04500E-04	0.00000E+00
8.23416E-01	9.65145E-02	5.04100E-04	0.00000E+00
8.23874E-01	9.65034E-02	5.03700E-04	0.00000E+00
8.24323E-01	9.64925E-02	5.03400E-04	0.00000E+00
8.24761E-01	9.64819E-02	5.03100E-04	0.00000E+00
8.25190E-01	9.64715E-02	5.02700E-04	0.00000E+00
8.25606E-01	9.64614E-02	5.02400E-04	0.00000E+00
8.26010E-01	9.64516E-02	5.02100E-04	0.00000E+00
8.26402E-01	9.64421E-02	5.01800E-04	0.00000E+00
8.26777E-01	9.64330E-02	5.01500E-04	0.00000E+00
8.27140E-01	9.64242E-02	5.01100E-04	0.00000E+00
8.27491E-01	9.64157E-02	5.00800E-04	0.00000E+00
8.27821E-01	9.64077E-02	5.00400E-04	0.00000E+00
8.28139E-01	9.64000E-02	5.00000E-04	0.00000E+00
8.28918E-01	9.63811E-02	4.99900E-04	0.00000E+00
8.29709E-01	9.63619E-02	5.00000E-04	0.00000E+00
8.30513E-01	9.63424E-02	5.00500E-04	0.00000E+00
8.31326E-01	9.63227E-02	5.01300E-04	0.00000E+00
8.32147E-01	9.63028E-02	5.02300E-04	0.00000E+00
8.32977E-01	9.62827E-02	5.03600E-04	0.00000E+00
8.33812E-01	9.62625E-02	5.05100E-04	0.00000E+00
8.34656E-01	9.62421E-02	5.06900E-04	0.00000E+00
8.35501E-01	9.62217E-02	5.08900E-04	0.00000E+00
8.36351E-01	9.62012E-02	5.11200E-04	0.00000E+00
8.37202E-01	9.61807E-02	5.13600E-04	0.00000E+00
8.38058E-01	9.61601E-02	5.16300E-04	0.00000E+00
8.38911E-01	9.61396E-02	5.19200E-04	0.00000E+00
8.39770E-01	9.61190E-02	5.22300E-04	0.00000E+00
8.40627E-01	9.60985E-02	5.25700E-04	0.00000E+00
8.41479E-01	9.60781E-02	5.29100E-04	0.00000E+00
8.42329E-01	9.60578E-02	5.32800E-04	0.00000E+00
8.43177E-01	9.60376E-02	5.36700E-04	0.00000E+00
8.44022E-01	9.60175E-02	5.40700E-04	0.00000E+00
8.44864E-01	9.59975E-02	5.44900E-04	0.00000E+00
8.45700E-01	9.59777E-02	5.49300E-04	0.00000E+00
8.46529E-01	9.59581E-02	5.53800E-04	0.00000E+00
8.47351E-01	9.59387E-02	5.58400E-04	0.00000E+00
8.48172E-01	9.59194E-02	5.63300E-04	0.00000E+00
8.48980E-01	9.59004E-02	5.68200E-04	0.00000E+00
8.49787E-01	9.58815E-02	5.73300E-04	0.00000E+00
8.50583E-01	9.58629E-02	5.78500E-04	0.00000E+00
8.51370E-01	9.58446E-02	5.83900E-04	0.00000E+00
8.52149E-01	9.58265E-02	5.89400E-04	0.00000E+00
8.52922E-01	9.58086E-02	5.95000E-04	0.00000E+00
8.53686E-01	9.57910E-02	6.00800E-04	0.00000E+00
8.54442E-01	9.57736E-02	6.06600E-04	0.00000E+00
8.55185E-01	9.57566E-02	6.12600E-04	0.00000E+00
8.55926E-01	9.57397E-02	6.18700E-04	0.00000E+00
8.56652E-01	9.57232E-02	6.24900E-04	0.00000E+00
8.57369E-01	9.57070E-02	6.31200E-04	0.00000E+00
8.58079E-01	9.56910E-02	6.37600E-04	0.00000E+00
8.58781E-01	9.56753E-02	6.44200E-04	0.00000E+00
8.59475E-01	9.56598E-02	6.50800E-04	0.00000E+00
8.60158E-01	9.56447E-02	6.57600E-04	0.00000E+00
8.60833E-01	9.56298E-02	6.64400E-04	0.00000E+00
8.61500E-01	9.56152E-02	6.71400E-04	0.00000E+00
8.62162E-01	9.56008E-02	6.78500E-04	0.00000E+00
8.62813E-01	9.55867E-02	6.85600E-04	0.00000E+00
8.63460E-01	9.55728E-02	6.92900E-04	0.00000E+00
8.64098E-01	9.55592E-02	7.00300E-04	0.00000E+00
8.64731E-01	9.55458E-02	7.07800E-04	0.00000E+00
8.65355E-01	9.55327E-02	7.15400E-04	0.00000E+00
8.65978E-01	9.55197E-02	7.23100E-04	0.00000E+00
8.66592E-01	9.55070E-02	7.30900E-04	0.00000E+00
8.67201E-01	9.54945E-02	7.38800E-04	0.00000E+00
8.67803E-01	9.54823E-02	7.46800E-04	0.00000E+00
8.68403E-01	9.54702E-02	7.54900E-04	0.00000E+00
8.68999E-01	9.54583E-02	7.63100E-04	0.00000E+00
8.69590E-01	9.54466E-02	7.71400E-04	0.00000E+00
8.70176E-01	9.54352E-02	7.79900E-04	0.00000E+00
8.70759E-01	9.54239E-02	7.88400E-04	0.00000E+00
8.71335E-01	9.54128E-02	7.96900E-04	0.00000E+00
8.72484E-01	9.53911E-02	8.14400E-04	0.00000E+00
8.73619E-01	9.53701E-02	8.32200E-04	0.00000E+00
8.74743E-01	9.53497E-02	8.50300E-04	0.00000E+00
8.75854E-01	9.53300E-02	8.68700E-04	0.00000E+00
8.76955E-01	9.53109E-02	8.87400E-04	0.00000E+00
8.78048E-01	9.52924E-02	9.06400E-04	0.00000E+00
8.79127E-01	9.52745E-02	9.25500E-04	0.00000E+00
8.80198E-01	9.52571E-02	9.44800E-04	0.00000E+00
8.81262E-01	9.52402E-02	9.64300E-04	0.00000E+00
8.82315E-01	9.52238E-02	9.83900E-04	0.00000E+00
8.83353E-01	9.52080E-02	1.00350E-03	0.00000E+00
8.84383E-01	9.51926E-02	1.02320E-03	0.00000E+00
8.85398E-01	9.51777E-02	1.04280E-03	0.00000E+00
8.86397E-01	9.51633E-02	1.06230E-03	0.00000E+00
8.87384E-01	9.51494E-02	1.08180E-03	0.00000E+00
8.88352E-01	9.51359E-02	1.10100E-03	0.00000E+00
8.89301E-01	9.51229E-02	1.12000E-03	0.00000E+00
8.90231E-01	9.51104E-02	1.13880E-03	0.00000E+00
8.91142E-01	9.50983E-02	1.15730E-03	0.00000E+00
8.92037E-01	9.50866E-02	1.17560E-03	0.00000E+00
8.92908E-01	9.50754E-02	1.19350E-03	0.00000E+00
8.93761E-01	9.50645E-02	1.21110E-03	0.00000E+00
8.94589E-01	9.50541E-02	1.22830E-03	0.00000E+00
8.95404E-01	9.50440E-02	1.24530E-03	0.00000E+00
8.96200E-01	9.50343E-02	1.26200E-03	0.00000E+00
8.96978E-01	9.50248E-02	1.27830E-03	0.00000E+00
8.97740E-01	9.50157E-02	1.29440E-03	0.00000E+00
8.98489E-01	9.50069E-02	1.31030E-03	0.00000E+00
8.99224E-01	9.49983E-02	1.32590E-03	0.00000E+00
8.99950E-01	9.49899E-02	1.34140E-03	0.00000E+00
9.00669E-01	9.49817E-02	1.35680E-03	0.00000E+00
9.02092E-01	9.49657E-02	1.38740E-03	0.00000E+00
9.03521E-01	9.49500E-02	1.41830E-03	0.00000E+00
9.04247E-01	9.49422E-02	1.43410E-03	0.00000E+00
9.04983E-01	9.49343E-02	1.45010E-03	0.00000E+00
9.05737E-01	9.49264E-02	1.46660E-03	0.00000E+00
9.06505E-01	9.49183E-02	1.48340E-03	0.00000E+00
9.07298E-01	9.49101E-02	1.50080E-03	0.00000E+00
9.08113E-01	9.49017E-02	1.51870E-03	0.00000E+00
9.08960E-01	9.48930E-02	1.53730E-03	0.00000E+00
9.09832E-01	9.48841E-02	1.55650E-03	0.00000E+00
9.10282E-01	9.48795E-02	1.56640E-03	0.00000E+00
9.10741E-01	9.48748E-02	1.57650E-03	0.00000E+00
9.11208E-01	9.48701E-02	1.58680E-03	0.00000E+00
9.11681E-01	9.48652E-02	1.59720E-03	0.00000E+00
9.12166E-01	9.48603E-02	1.60790E-03	0.00000E+00
9.12659E-01	9.48552E-02	1.61870E-03	0.00000E+00
9.13162E-01	9.48501E-02	1.62980E-03	0.00000E+00
9.13673E-01	9.48448E-02	1.64100E-03	0.00000E+00
9.14197E-01	9.48394E-02	1.65250E-03	0.00000E+00
9.14729E-01	9.48339E-02	1.66420E-03	0.00000E+00
9.15271E-01	9.48283E-02	1.67610E-03	0.00000E+00
9.15826E-01	9.48226E-02	1.68830E-03	0.00000E+00
9.16389E-01	9.48167E-02	1.70060E-03	0.00000E+00
9.16964E-01	9.48107E-02	1.71320E-03	0.00000E+00
9.17550E-01	9.48045E-02	1.72600E-03	0.00000E+00
9.18146E-01	9.47982E-02	1.73900E-03	0.00000E+00
9.18752E-01	9.47917E-02	1.75220E-03	0.00000E+00
9.19371E-01	9.47851E-02	1.76570E-03	0.00000E+00
9.20000E-01	9.47784E-02	1.77940E-03	0.00000E+00
9.20641E-01	9.47714E-02	1.79330E-03	0.00000E+00
9.21292E-01	9.47643E-02	1.80740E-03	0.00000E+00
9.21956E-01	9.47571E-02	1.82180E-03	0.00000E+00
9.22632E-01	9.47496E-02	1.83640E-03	0.00000E+00
9.23318E-01	9.47420E-02	1.85120E-03	0.00000E+00
9.24015E-01	9.47342E-02	1.86620E-03	0.00000E+00
9.24721E-01	9.47263E-02	1.88140E-03	0.00000E+00
9.25440E-01	9.47181E-02	1.89680E-03	0.00000E+00
9.26174E-01	9.47097E-02	1.91250E-03	0.00000E+00
9.26913E-01	9.47012E-02	1.92830E-03	0.00000E+00
9.27669E-01	9.46924E-02	1.94440E-03	0.00000E+00
9.28433E-01	9.46834E-02	1.96060E-03	0.00000E+00
9.29206E-01	9.46743E-02	1.97700E-03	0.00000E+00
9.29996E-01	9.46649E-02	1.99370E-03	0.00000E+00
9.30794E-01	9.46553E-02	2.01050E-03	0.00000E+00
9.31599E-01	9.46455E-02	2.02740E-03	0.00000E+00
9.32421E-01	9.46354E-02	2.04460E-03	0.00000E+00
9.33249E-01	9.46252E-02	2.06190E-03	0.00000E+00
9.34090E-01	9.46147E-02	2.07940E-03	0.00000E+00
9.34937E-01	9.46041E-02	2.09700E-03	0.00000E+00
9.35797E-01	9.45932E-02	2.11480E-03	0.00000E+00
9.36664E-01	9.45820E-02	2.13260E-03	0.00000E+00
9.37543E-01	9.45707E-02	2.15070E-03	0.00000E+00
9.38429E-01	9.45591E-02	2.16880E-03	0.00000E+00
9.39323E-01	9.45473E-02	2.18700E-03	0.00000E+00
9.40229E-01	9.45353E-02	2.20540E-03	0.00000E+00
9.41139E-01	9.45231E-02	2.22380E-03	0.00000E+00
9.42059E-01	9.45106E-02	2.24230E-03	0.00000E+00
9.42987E-01	9.44979E-02	2.26090E-03	0.00000E+00
9.43920E-01	9.44850E-02	2.27950E-03	0.00000E+00
9.44861E-01	9.44719E-02	2.29820E-03	0.00000E+00
9.45807E-01	9.44586E-02	2.31690E-03	0.00000E+00
9.46763E-01	9.44450E-02	2.33570E-03	0.00000E+00
9.47721E-01	9.44312E-02	2.35440E-03	0.00000E+00
9.48685E-01	9.44173E-02	2.37320E-03	0.00000E+00
9.49653E-01	9.44031E-02	2.39190E-03	0.00000E+00
9.50625E-01	9.43887E-02	2.41060E-03	0.00000E+00
9.51600E-01	9.43741E-02	2.42920E-03	0.00000E+00
9.52580E-01	9.43593E-02	2.44780E-03	0.00000E+00
9.53565E-01	9.43443E-02	2.46640E-03	0.00000E+00
9.54546E-01	9.43292E-02	2.48480E-03	0.00000E+00
9.55531E-01	9.43138E-02	2.50310E-03	0.00000E+00
9.56517E-01	9.42983E-02	2.52130E-03	0.00000E+00
9.57507E-01	9.42825E-02	2.53940E-03	0.00000E+00
9.58494E-01	9.42666E-02	2.55730E-03	0.00000E+00
9.59480E-01	9.42506E-02	2.57510E-03	0.00000E+00
9.60463E-01	9.42344E-02	2.59260E-03	0.00000E+00
9.61449E-01	9.42180E-02	2.61000E-03	0.00000E+00
9.62431E-01	9.42014E-02	2.62710E-03	0.00000E+00
9.63407E-01	9.41848E-02	2.64400E-03	0.00000E+00
9.64384E-01	9.41679E-02	2.66060E-03	0.00000E+00
9.65354E-01	9.41510E-02	2.67700E-03	0.00000E+00
9.66322E-01	9.41339E-02	2.69310E-03	0.00000E+00
9.67282E-01	9.41167E-02	2.70880E-03	0.00000E+00
9.68237E-01	9.40994E-02	2.72420E-03	0.00000E+00
9.69186E-01	9.40820E-02	2.73930E-03	0.00000E+00
9.70131E-01	9.40644E-02	2.75400E-03	0.00000E+00
9.71066E-01	9.40468E-02	2.76830E-03	0.00000E+00
9.71996E-01	9.40291E-02	2.78230E-03	0.00000E+00
9.72917E-01	9.40113E-02	2.79580E-03	0.00000E+00
9.73834E-01	9.39934E-02	2.80900E-03	0.00000E+00
9.74742E-01	9.39754E-02	2.82170E-03	0.00000E+00
9.75640E-01	9.39574E-02	2.83400E-03	0.00000E+00
9.76533E-01	9.39393E-02	2.84590E-03	0.00000E+00
9.77418E-01	9.39211E-02	2.85730E-03	0.00000E+00
9.78295E-01	9.39029E-02	2.86830E-03	0.00000E+00
9.79164E-01	9.38846E-02	2.87880E-03	0.00000E+00
9.80026E-01	9.38663E-02	2.88890E-03	0.00000E+00
9.80881E-01	9.38479E-02	2.89850E-03	0.00000E+00
9.81727E-01	9.38295E-02	2.90760E-03	0.00000E+00
9.82570E-01	9.38110E-02	2.91630E-03	0.00000E+00
9.83404E-01	9.37925E-02	2.92450E-03	0.00000E+00
9.84231E-01	9.37740E-02	2.93230E-03	0.00000E+00
9.85055E-01	9.37554E-02	2.93960E-03	0.00000E+00
9.85873E-01	9.37368E-02	2.94650E-03	0.00000E+00
9.86682E-01	9.37182E-02	2.95280E-03	0.00000E+00
9.87488E-01	9.36996E-02	2.95880E-03	0.00000E+00
9.88291E-01	9.36809E-02	2.96430E-03	0.00000E+00
9.89086E-01	9.36623E-02	2.96940E-03	0.00000E+00
9.89880E-01	9.36436E-02	2.97400E-03	0.00000E+00
9.90670E-01	9.36249E-02	2.97820E-03	0.00000E+00
9.91456E-01	9.36062E-02	2.98200E-03	0.00000E+00
9.92243E-01	9.35874E-02	2.98540E-03	0.00000E+00
9.93024E-01	9.35687E-02	2.98840E-03	0.00000E+00
9.93802E-01	9.35500E-02	2.99100E-03	0.00000E+00
9.94582E-01	9.35312E-02	2.99320E-03	0.00000E+00
9.95357E-01	9.35125E-02	2.99510E-03	0.00000E+00
9.96135E-01	9.34937E-02	2.99670E-03	0.00000E+00
9.96907E-01	9.34750E-02	2.99790E-03	0.00000E+00
9.97683E-01	9.34562E-02	2.99890E-03	0.00000E+00
9.98454E-01	9.34375E-02	2.99950E-03	0.00000E+00
9.99229E-01	9.34187E-02	2.99990E-03	0.00000E+00
1.00000E+00	9.34000E-02	3.00000E-03	0.00000E+00
